1.450247e+01 9.111686e+00 9.111686e+00 1.450247e+01
1.804502e+01 9.111686e+00 9.111686e+00 1.804502e+01
9.444430e+00 9.111686e+00 9.111686e+00 9.444430e+00
1.726785e+01 9.111686e+00 9.111686e+00 1.726785e+01
4.450317e+00 9.111686e+00 9.111686e+00 4.450317e+00
1.046567e+01 9.111686e+00 9.111686e+00 1.046567e+01
2.785373e+00 9.111686e+00 9.111686e+00 2.785373e+00
8.719478e+00 9.111686e+00 9.111686e+00 8.719478e+00
1.182178e+01 9.111686e+00 9.111686e+00 1.182178e+01
1.804803e+01 9.111686e+00 9.111686e+00 1.804803e+01
5.782188e+00 9.111686e+00 9.111686e+00 5.782188e+00
1.137018e+01 9.111686e+00 9.111686e+00 1.137018e+01
1.645015e+01 9.111686e+00 9.111686e+00 1.645015e+01
1.446105e+01 9.111686e+00 9.111686e+00 1.446105e+01
1.276714e+00 9.111686e+00 9.111686e+00 1.276714e+00
1.614453e+00 9.111686e+00 9.111686e+00 1.614453e+00
2.098266e+01 9.111686e+00 9.111686e+00 2.098266e+01
2.970662e+00 9.111686e+00 9.111686e+00 2.970662e+00
2.537201e+01 9.111686e+00 9.111686e+00 2.537201e+01
4.289651e+00 9.111686e+00 9.111686e+00 4.289651e+00
8.669490e+00 9.111686e+00 9.111686e+00 8.669490e+00
3.091291e+00 9.111686e+00 9.111686e+00 3.091291e+00
1.077445e+01 9.111686e+00 9.111686e+00 1.077445e+01
