2.552814e+01 1.197151e+01 1.197151e+01 2.552814e+01
2.316454e+01 1.197151e+01 1.197151e+01 2.316454e+01
3.355325e+01 1.197151e+01 1.197151e+01 3.355325e+01
2.229991e+01 1.197151e+01 1.197151e+01 2.229991e+01
6.965360e+00 1.197151e+01 1.197151e+01 6.965360e+00
-1.007012e+01 1.197151e+01 1.197151e+01 -1.007012e+01
4.643995e+00 1.197151e+01 1.197151e+01 4.643995e+00
5.954852e+00 1.197151e+01 1.197151e+01 5.954852e+00
8.291327e+00 1.197151e+01 1.197151e+01 8.291327e+00
2.010524e+01 1.197151e+01 1.197151e+01 2.010524e+01
1.886122e+01 1.197151e+01 1.197151e+01 1.886122e+01
4.670376e+01 1.197151e+01 1.197151e+01 4.670376e+01
1.974580e+01 1.197151e+01 1.197151e+01 1.974580e+01
1.791651e+01 1.197151e+01 1.197151e+01 1.791651e+01
9.957355e-02 1.197151e+01 1.197151e+01 9.957355e-02
8.546760e+00 1.197151e+01 1.197151e+01 8.546760e+00
5.095937e+01 1.197151e+01 1.197151e+01 5.095937e+01
5.363086e+00 1.197151e+01 1.197151e+01 5.363086e+00
4.668258e+01 1.197151e+01 1.197151e+01 4.668258e+01
-6.842810e+00 1.197151e+01 1.197151e+01 -6.842810e+00
5.464209e-01 1.197151e+01 1.197151e+01 5.464209e-01
-1.396481e+00 1.197151e+01 1.197151e+01 -1.396481e+00
2.372982e+00 1.197151e+01 1.197151e+01 2.372982e+00
