1.323157e+02 1.587113e+02 1.587113e+02 1.323157e+02
1.471199e+02 1.587113e+02 1.587113e+02 1.471199e+02
7.858389e+01 1.587113e+02 1.587113e+02 7.858389e+01
2.037728e+02 1.587113e+02 1.587113e+02 2.037728e+02
1.671011e+02 1.587113e+02 1.587113e+02 1.671011e+02
1.551138e+02 1.587113e+02 1.587113e+02 1.551138e+02
2.495922e+02 1.587113e+02 1.587113e+02 2.495922e+02
1.348762e+02 1.587113e+02 1.587113e+02 1.348762e+02
2.309079e+02 1.587113e+02 1.587113e+02 2.309079e+02
2.696686e+02 1.587113e+02 1.587113e+02 2.696686e+02
2.877551e+02 1.587113e+02 1.587113e+02 2.877551e+02
1.518115e+02 1.587113e+02 1.587113e+02 1.518115e+02
1.455360e+02 1.587113e+02 1.587113e+02 1.455360e+02
2.173510e+02 1.587113e+02 1.587113e+02 2.173510e+02
1.159294e+02 1.587113e+02 1.587113e+02 1.159294e+02
2.466248e+02 1.587113e+02 1.587113e+02 2.466248e+02
1.432063e+02 1.587113e+02 1.587113e+02 1.432063e+02
1.600000e+02 1.587113e+02 1.587113e+02 1.600000e+02
6.178577e+01 1.587113e+02 1.587113e+02 6.178577e+01
3.623328e+02 1.587113e+02 1.587113e+02 3.623328e+02
1.366485e+02 1.587113e+02 1.587113e+02 1.366485e+02
1.310684e+02 1.587113e+02 1.587113e+02 1.310684e+02
1.321434e+02 1.587113e+02 1.587113e+02 1.321434e+02
