5.108526e+01 4.293121e+01 4.293121e+01 5.108526e+01
3.896406e+01 4.293121e+01 4.293121e+01 3.896406e+01
4.103564e+01 4.293121e+01 4.293121e+01 4.103564e+01
7.248674e+01 4.293121e+01 4.293121e+01 7.248674e+01
3.422077e+01 4.293121e+01 4.293121e+01 3.422077e+01
3.908041e+01 4.293121e+01 4.293121e+01 3.908041e+01
7.279457e+01 4.293121e+01 4.293121e+01 7.279457e+01
4.360698e+01 4.293121e+01 4.293121e+01 4.360698e+01
6.262305e+01 4.293121e+01 4.293121e+01 6.262305e+01
6.279257e+01 4.293121e+01 4.293121e+01 6.279257e+01
4.464018e+01 4.293121e+01 4.293121e+01 4.464018e+01
3.671463e+01 4.293121e+01 4.293121e+01 3.671463e+01
5.139948e+01 4.293121e+01 4.293121e+01 5.139948e+01
5.459833e+01 4.293121e+01 4.293121e+01 5.459833e+01
5.121448e+01 4.293121e+01 4.293121e+01 5.121448e+01
6.515496e+01 4.293121e+01 4.293121e+01 6.515496e+01
6.161111e+01 4.293121e+01 4.293121e+01 6.161111e+01
8.652336e+01 4.293121e+01 4.293121e+01 8.652336e+01
1.556503e+01 4.293121e+01 4.293121e+01 1.556503e+01
5.373678e+01 4.293121e+01 4.293121e+01 5.373678e+01
6.055365e+01 4.293121e+01 4.293121e+01 6.055365e+01
5.264630e+01 4.293121e+01 4.293121e+01 5.264630e+01
4.448966e+01 4.293121e+01 4.293121e+01 4.448966e+01
