3.905656e+01 3.735449e+01 3.735449e+01 3.905656e+01
8.568693e+00 3.735449e+01 3.735449e+01 8.568693e+00
2.184159e+01 3.735449e+01 3.735449e+01 2.184159e+01
3.736410e+01 3.735449e+01 3.735449e+01 3.736410e+01
3.075203e+01 3.735449e+01 3.735449e+01 3.075203e+01
5.089049e+01 3.735449e+01 3.735449e+01 5.089049e+01
3.505461e+01 3.735449e+01 3.735449e+01 3.505461e+01
4.569106e+01 3.735449e+01 3.735449e+01 4.569106e+01
4.303395e+01 3.735449e+01 3.735449e+01 4.303395e+01
3.594703e+01 3.735449e+01 3.735449e+01 3.594703e+01
6.198539e+01 3.735449e+01 3.735449e+01 6.198539e+01
3.370878e+01 3.735449e+01 3.735449e+01 3.370878e+01
3.854804e+01 3.735449e+01 3.735449e+01 3.854804e+01
2.637095e+01 3.735449e+01 3.735449e+01 2.637095e+01
2.863829e+01 3.735449e+01 3.735449e+01 2.863829e+01
7.288575e+01 3.735449e+01 3.735449e+01 7.288575e+01
4.542091e+01 3.735449e+01 3.735449e+01 4.542091e+01
4.621413e+01 3.735449e+01 3.735449e+01 4.621413e+01
5.912645e+01 3.735449e+01 3.735449e+01 5.912645e+01
2.702590e+01 3.735449e+01 3.735449e+01 2.702590e+01
1.649200e+01 3.735449e+01 3.735449e+01 1.649200e+01
4.797161e+01 3.735449e+01 3.735449e+01 4.797161e+01
4.254524e+01 3.735449e+01 3.735449e+01 4.254524e+01
3.608977e+01 3.735449e+01 3.735449e+01 3.608977e+01
3.177878e+01 3.735449e+01 3.735449e+01 3.177878e+01
