6.293637e+01 1.062253e+02 1.062253e+02 6.293637e+01
6.803604e+01 1.062253e+02 1.062253e+02 6.803604e+01
1.147016e+02 1.062253e+02 1.062253e+02 1.147016e+02
5.727654e+01 1.062253e+02 1.062253e+02 5.727654e+01
6.462772e+01 1.062253e+02 1.062253e+02 6.462772e+01
9.640932e+01 1.062253e+02 1.062253e+02 9.640932e+01
1.220987e+02 1.062253e+02 1.062253e+02 1.220987e+02
1.548711e+02 1.062253e+02 1.062253e+02 1.548711e+02
1.324478e+02 1.062253e+02 1.062253e+02 1.324478e+02
1.417244e+02 1.062253e+02 1.062253e+02 1.417244e+02
1.529532e+02 1.062253e+02 1.062253e+02 1.529532e+02
8.055404e+01 1.062253e+02 1.062253e+02 8.055404e+01
1.225609e+02 1.062253e+02 1.062253e+02 1.225609e+02
5.649648e+01 1.062253e+02 1.062253e+02 5.649648e+01
1.032770e+02 1.062253e+02 1.062253e+02 1.032770e+02
1.027746e+02 1.062253e+02 1.062253e+02 1.027746e+02
1.295292e+02 1.062253e+02 1.062253e+02 1.295292e+02
1.424565e+02 1.062253e+02 1.062253e+02 1.424565e+02
1.457737e+02 1.062253e+02 1.062253e+02 1.457737e+02
1.042178e+02 1.062253e+02 1.062253e+02 1.042178e+02
1.280516e+02 1.062253e+02 1.062253e+02 1.280516e+02
1.116257e+02 1.062253e+02 1.062253e+02 1.116257e+02
8.329401e+01 1.062253e+02 1.062253e+02 8.329401e+01
8.802796e+01 1.062253e+02 1.062253e+02 8.802796e+01
9.224523e+01 1.062253e+02 1.062253e+02 9.224523e+01
