1.917177e+01 3.795001e+01 3.795001e+01 1.917177e+01
5.131723e+01 3.795001e+01 3.795001e+01 5.131723e+01
6.858798e+01 3.795001e+01 3.795001e+01 6.858798e+01
8.403274e+01 3.795001e+01 3.795001e+01 8.403274e+01
4.808897e+01 3.795001e+01 3.795001e+01 4.808897e+01
4.128795e+01 3.795001e+01 3.795001e+01 4.128795e+01
1.561649e+01 3.795001e+01 3.795001e+01 1.561649e+01
5.953966e+00 3.795001e+01 3.795001e+01 5.953966e+00
4.475261e+01 3.795001e+01 3.795001e+01 4.475261e+01
3.344545e+01 3.795001e+01 3.795001e+01 3.344545e+01
2.944628e+01 3.795001e+01 3.795001e+01 2.944628e+01
2.908568e+01 3.795001e+01 3.795001e+01 2.908568e+01
5.256148e+01 3.795001e+01 3.795001e+01 5.256148e+01
6.746710e+01 3.795001e+01 3.795001e+01 6.746710e+01
1.746671e+01 3.795001e+01 3.795001e+01 1.746671e+01
2.436093e+01 3.795001e+01 3.795001e+01 2.436093e+01
2.365906e+01 3.795001e+01 3.795001e+01 2.365906e+01
1.217960e+01 3.795001e+01 3.795001e+01 1.217960e+01
5.309029e+01 3.795001e+01 3.795001e+01 5.309029e+01
4.922702e+01 3.795001e+01 3.795001e+01 4.922702e+01
3.631016e+01 3.795001e+01 3.795001e+01 3.631016e+01
3.465665e+01 3.795001e+01 3.795001e+01 3.465665e+01
5.614356e+01 3.795001e+01 3.795001e+01 5.614356e+01
