7.084806e+01 9.469226e+01 9.469226e+01 7.084806e+01
1.345795e+02 9.469226e+01 9.469226e+01 1.345795e+02
1.258729e+02 9.469226e+01 9.469226e+01 1.258729e+02
1.227141e+02 9.469226e+01 9.469226e+01 1.227141e+02
1.197461e+02 9.469226e+01 9.469226e+01 1.197461e+02
6.995405e+01 9.469226e+01 9.469226e+01 6.995405e+01
6.566492e+01 9.469226e+01 9.469226e+01 6.566492e+01
4.692156e+01 9.469226e+01 9.469226e+01 4.692156e+01
8.404372e+01 9.469226e+01 9.469226e+01 8.404372e+01
9.810818e+01 9.469226e+01 9.469226e+01 9.810818e+01
9.256885e+01 9.469226e+01 9.469226e+01 9.256885e+01
9.093796e+01 9.469226e+01 9.469226e+01 9.093796e+01
1.126191e+02 9.469226e+01 9.469226e+01 1.126191e+02
1.609627e+02 9.469226e+01 9.469226e+01 1.609627e+02
4.309778e+01 9.469226e+01 9.469226e+01 4.309778e+01
9.664925e+01 9.469226e+01 9.469226e+01 9.664925e+01
1.273777e+02 9.469226e+01 9.469226e+01 1.273777e+02
8.661288e+01 9.469226e+01 9.469226e+01 8.661288e+01
1.548106e+02 9.469226e+01 9.469226e+01 1.548106e+02
3.966852e+01 9.469226e+01 9.469226e+01 3.966852e+01
5.420896e+01 9.469226e+01 9.469226e+01 5.420896e+01
8.243896e+01 9.469226e+01 9.469226e+01 8.243896e+01
1.181323e+02 9.469226e+01 9.469226e+01 1.181323e+02
