3.418946e+01 2.859209e+01 2.859209e+01 3.418946e+01
7.237213e+01 2.859209e+01 2.859209e+01 7.237213e+01
1.379597e+01 2.859209e+01 2.859209e+01 1.379597e+01
1.472221e+01 2.859209e+01 2.859209e+01 1.472221e+01
2.926833e+01 2.859209e+01 2.859209e+01 2.926833e+01
-5.946502e+00 2.859209e+01 2.859209e+01 -5.946502e+00
3.548979e+01 2.859209e+01 2.859209e+01 3.548979e+01
1.650590e+01 2.859209e+01 2.859209e+01 1.650590e+01
2.987117e+01 2.859209e+01 2.859209e+01 2.987117e+01
-4.064152e+01 2.859209e+01 2.859209e+01 -4.064152e+01
3.818907e+01 2.859209e+01 2.859209e+01 3.818907e+01
2.274684e+01 2.859209e+01 2.859209e+01 2.274684e+01
4.286177e+01 2.859209e+01 2.859209e+01 4.286177e+01
6.683706e+00 2.859209e+01 2.859209e+01 6.683706e+00
5.042849e+01 2.859209e+01 2.859209e+01 5.042849e+01
5.377437e+01 2.859209e+01 2.859209e+01 5.377437e+01
1.658708e+01 2.859209e+01 2.859209e+01 1.658708e+01
5.435289e+01 2.859209e+01 2.859209e+01 5.435289e+01
4.233570e+01 2.859209e+01 2.859209e+01 4.233570e+01
3.426323e+01 2.859209e+01 2.859209e+01 3.426323e+01
2.944984e+01 2.859209e+01 2.859209e+01 2.944984e+01
3.749368e+01 2.859209e+01 2.859209e+01 3.749368e+01
4.673744e+01 2.859209e+01 2.859209e+01 4.673744e+01
8.562520e+00 2.859209e+01 2.859209e+01 8.562520e+00
9.259108e+00 2.859209e+01 2.859209e+01 9.259108e+00
