1.223749e+01 1.587837e+01 1.587837e+01 1.223749e+01
2.773926e+01 1.587837e+01 1.587837e+01 2.773926e+01
6.303443e+00 1.587837e+01 1.587837e+01 6.303443e+00
-2.005044e+01 1.587837e+01 1.587837e+01 -2.005044e+01
1.679652e+01 1.587837e+01 1.587837e+01 1.679652e+01
1.431038e+01 1.587837e+01 1.587837e+01 1.431038e+01
2.285958e+01 1.587837e+01 1.587837e+01 2.285958e+01
2.573872e+01 1.587837e+01 1.587837e+01 2.573872e+01
2.358221e+01 1.587837e+01 1.587837e+01 2.358221e+01
2.014275e+01 1.587837e+01 1.587837e+01 2.014275e+01
1.882826e+01 1.587837e+01 1.587837e+01 1.882826e+01
2.115884e+01 1.587837e+01 1.587837e+01 2.115884e+01
2.807421e+01 1.587837e+01 1.587837e+01 2.807421e+01
-1.526662e+01 1.587837e+01 1.587837e+01 -1.526662e+01
6.411455e+00 1.587837e+01 1.587837e+01 6.411455e+00
4.270301e+01 1.587837e+01 1.587837e+01 4.270301e+01
1.323073e+01 1.587837e+01 1.587837e+01 1.323073e+01
4.970558e+01 1.587837e+01 1.587837e+01 4.970558e+01
3.941393e+01 1.587837e+01 1.587837e+01 3.941393e+01
1.121272e+01 1.587837e+01 1.587837e+01 1.121272e+01
1.555447e+01 1.587837e+01 1.587837e+01 1.555447e+01
4.225006e+01 1.587837e+01 1.587837e+01 4.225006e+01
7.269284e+00 1.587837e+01 1.587837e+01 7.269284e+00
2.959713e+00 1.587837e+01 1.587837e+01 2.959713e+00
1.586025e+01 1.587837e+01 1.587837e+01 1.586025e+01
