8.411528e+01 1.132581e+02 1.132581e+02 8.411528e+01
1.382872e+02 1.132581e+02 1.132581e+02 1.382872e+02
1.582417e+02 1.132581e+02 1.132581e+02 1.582417e+02
1.275367e+02 1.132581e+02 1.132581e+02 1.275367e+02
1.352671e+02 1.132581e+02 1.132581e+02 1.352671e+02
8.585835e+01 1.132581e+02 1.132581e+02 8.585835e+01
1.031908e+02 1.132581e+02 1.132581e+02 1.031908e+02
5.065509e+01 1.132581e+02 1.132581e+02 5.065509e+01
1.104197e+02 1.132581e+02 1.132581e+02 1.104197e+02
1.064309e+02 1.132581e+02 1.132581e+02 1.064309e+02
1.174402e+02 1.132581e+02 1.132581e+02 1.174402e+02
1.035127e+02 1.132581e+02 1.132581e+02 1.035127e+02
1.431037e+02 1.132581e+02 1.132581e+02 1.431037e+02
1.932987e+02 1.132581e+02 1.132581e+02 1.932987e+02
4.913209e+01 1.132581e+02 1.132581e+02 4.913209e+01
1.163739e+02 1.132581e+02 1.132581e+02 1.163739e+02
2.088129e+02 1.132581e+02 1.132581e+02 2.088129e+02
1.131450e+02 1.132581e+02 1.132581e+02 1.131450e+02
1.450246e+02 1.132581e+02 1.132581e+02 1.450246e+02
2.932091e+01 1.132581e+02 1.132581e+02 2.932091e+01
6.542963e+01 1.132581e+02 1.132581e+02 6.542963e+01
1.145645e+02 1.132581e+02 1.132581e+02 1.145645e+02
1.367037e+02 1.132581e+02 1.132581e+02 1.367037e+02
