2.326644e+01 3.816848e+01 3.816848e+01 2.326644e+01
4.127893e+01 3.816848e+01 3.816848e+01 4.127893e+01
8.656931e+01 3.816848e+01 3.816848e+01 8.656931e+01
6.684628e+01 3.816848e+01 3.816848e+01 6.684628e+01
4.858983e+01 3.816848e+01 3.816848e+01 4.858983e+01
4.847827e+01 3.816848e+01 3.816848e+01 4.847827e+01
1.635969e+01 3.816848e+01 3.816848e+01 1.635969e+01
6.946630e+00 3.816848e+01 3.816848e+01 6.946630e+00
3.447466e+01 3.816848e+01 3.816848e+01 3.447466e+01
3.458518e+01 3.816848e+01 3.816848e+01 3.458518e+01
3.791566e+01 3.816848e+01 3.816848e+01 3.791566e+01
4.152250e+01 3.816848e+01 3.816848e+01 4.152250e+01
5.031999e+01 3.816848e+01 3.816848e+01 5.031999e+01
5.720347e+01 3.816848e+01 3.816848e+01 5.720347e+01
1.130988e+01 3.816848e+01 3.816848e+01 1.130988e+01
2.608375e+01 3.816848e+01 3.816848e+01 2.608375e+01
3.430893e+01 3.816848e+01 3.816848e+01 3.430893e+01
1.925129e+01 3.816848e+01 3.816848e+01 1.925129e+01
5.857371e+01 3.816848e+01 3.816848e+01 5.857371e+01
4.871250e+01 3.816848e+01 3.816848e+01 4.871250e+01
3.660066e+01 3.816848e+01 3.816848e+01 3.660066e+01
3.473165e+01 3.816848e+01 3.816848e+01 3.473165e+01
4.841888e+01 3.816848e+01 3.816848e+01 4.841888e+01
