-1.630058e+01 4.506457e+01 4.506457e+01 -1.630058e+01
-6.223469e+01 4.506457e+01 4.506457e+01 -6.223469e+01
1.483828e+01 4.506457e+01 4.506457e+01 1.483828e+01
-4.375825e+00 4.506457e+01 4.506457e+01 -4.375825e+00
8.238994e+01 4.506457e+01 4.506457e+01 8.238994e+01
4.582354e+01 4.506457e+01 4.506457e+01 4.582354e+01
7.431446e+01 4.506457e+01 4.506457e+01 7.431446e+01
5.770910e+01 4.506457e+01 4.506457e+01 5.770910e+01
6.332673e+01 4.506457e+01 4.506457e+01 6.332673e+01
1.576962e+02 4.506457e+01 4.506457e+01 1.576962e+02
-4.094056e+01 4.506457e+01 4.506457e+01 -4.094056e+01
4.059843e+01 4.506457e+01 4.506457e+01 4.059843e+01
3.915767e+01 4.506457e+01 4.506457e+01 3.915767e+01
-2.132187e+01 4.506457e+01 4.506457e+01 -2.132187e+01
1.487402e+02 4.506457e+01 4.506457e+01 1.487402e+02
8.950587e+01 4.506457e+01 4.506457e+01 8.950587e+01
2.601041e+01 4.506457e+01 4.506457e+01 2.601041e+01
4.665403e+01 4.506457e+01 4.506457e+01 4.665403e+01
3.723384e+01 4.506457e+01 4.506457e+01 3.723384e+01
7.740975e+01 4.506457e+01 4.506457e+01 7.740975e+01
3.938383e+01 4.506457e+01 4.506457e+01 3.938383e+01
5.779647e+01 4.506457e+01 4.506457e+01 5.779647e+01
1.223286e+02 4.506457e+01 4.506457e+01 1.223286e+02
4.403295e+01 4.506457e+01 4.506457e+01 4.403295e+01
5.031115e+01 4.506457e+01 4.506457e+01 5.031115e+01
