6.942173e+00 1.539923e+01 1.539923e+01 6.942173e+00
1.673393e+01 1.539923e+01 1.539923e+01 1.673393e+01
3.750712e+01 1.539923e+01 1.539923e+01 3.750712e+01
-1.507916e+01 1.539923e+01 1.539923e+01 -1.507916e+01
1.122045e+01 1.539923e+01 1.539923e+01 1.122045e+01
1.845971e+01 1.539923e+01 1.539923e+01 1.845971e+01
2.577339e+01 1.539923e+01 1.539923e+01 2.577339e+01
2.059458e+01 1.539923e+01 1.539923e+01 2.059458e+01
2.194482e+01 1.539923e+01 1.539923e+01 2.194482e+01
1.378055e+01 1.539923e+01 1.539923e+01 1.378055e+01
3.010252e+01 1.539923e+01 1.539923e+01 3.010252e+01
2.205331e+01 1.539923e+01 1.539923e+01 2.205331e+01
8.754795e+00 1.539923e+01 1.539923e+01 8.754795e+00
-1.096742e+01 1.539923e+01 1.539923e+01 -1.096742e+01
3.488174e+01 1.539923e+01 1.539923e+01 3.488174e+01
2.796780e+01 1.539923e+01 1.539923e+01 2.796780e+01
1.299315e+01 1.539923e+01 1.539923e+01 1.299315e+01
6.015391e-01 1.539923e+01 1.539923e+01 6.015391e-01
2.485692e+01 1.539923e+01 1.539923e+01 2.485692e+01
2.551404e+01 1.539923e+01 1.539923e+01 2.551404e+01
3.004323e+01 1.539923e+01 1.539923e+01 3.004323e+01
-8.872542e+00 1.539923e+01 1.539923e+01 -8.872542e+00
2.179197e+01 1.539923e+01 1.539923e+01 2.179197e+01
5.744585e+00 1.539923e+01 1.539923e+01 5.744585e+00
1.712719e+01 1.539923e+01 1.539923e+01 1.712719e+01
