5.436105e+01 3.801512e+01 3.801512e+01 5.436105e+01
-1.219290e+00 3.801512e+01 3.801512e+01 -1.219290e+00
4.199840e+01 3.801512e+01 3.801512e+01 4.199840e+01
6.493099e+01 3.801512e+01 3.801512e+01 6.493099e+01
2.756059e+01 3.801512e+01 3.801512e+01 2.756059e+01
5.450196e+01 3.801512e+01 3.801512e+01 5.450196e+01
3.211905e+01 3.801512e+01 3.801512e+01 3.211905e+01
5.178611e+01 3.801512e+01 3.801512e+01 5.178611e+01
4.350282e+01 3.801512e+01 3.801512e+01 4.350282e+01
3.109858e+01 3.801512e+01 3.801512e+01 3.109858e+01
5.615903e+01 3.801512e+01 3.801512e+01 5.615903e+01
4.613738e+01 3.801512e+01 3.801512e+01 4.613738e+01
3.309997e+01 3.801512e+01 3.801512e+01 3.309997e+01
1.625416e+01 3.801512e+01 3.801512e+01 1.625416e+01
3.531468e+01 3.801512e+01 3.801512e+01 3.531468e+01
4.768027e+01 3.801512e+01 3.801512e+01 4.768027e+01
4.143948e+01 3.801512e+01 3.801512e+01 4.143948e+01
2.590484e+01 3.801512e+01 3.801512e+01 2.590484e+01
5.144361e+01 3.801512e+01 3.801512e+01 5.144361e+01
4.232811e+01 3.801512e+01 3.801512e+01 4.232811e+01
2.908234e+01 3.801512e+01 3.801512e+01 2.908234e+01
3.706447e+01 3.801512e+01 3.801512e+01 3.706447e+01
4.536419e+01 3.801512e+01 3.801512e+01 4.536419e+01
4.700969e+01 3.801512e+01 3.801512e+01 4.700969e+01
2.686902e+01 3.801512e+01 3.801512e+01 2.686902e+01
