1.091413e+02 1.442751e+02 1.442751e+02 1.091413e+02
3.954706e+01 1.442751e+02 1.442751e+02 3.954706e+01
1.489875e+02 1.442751e+02 1.442751e+02 1.489875e+02
1.278939e+02 1.442751e+02 1.442751e+02 1.278939e+02
9.534225e+01 1.442751e+02 1.442751e+02 9.534225e+01
1.559570e+02 1.442751e+02 1.442751e+02 1.559570e+02
1.668073e+02 1.442751e+02 1.442751e+02 1.668073e+02
1.902818e+02 1.442751e+02 1.442751e+02 1.902818e+02
1.657953e+02 1.442751e+02 1.442751e+02 1.657953e+02
1.721620e+02 1.442751e+02 1.442751e+02 1.721620e+02
1.785499e+02 1.442751e+02 1.442751e+02 1.785499e+02
1.673383e+02 1.442751e+02 1.442751e+02 1.673383e+02
1.529772e+02 1.442751e+02 1.442751e+02 1.529772e+02
5.820701e+01 1.442751e+02 1.442751e+02 5.820701e+01
1.346866e+02 1.442751e+02 1.442751e+02 1.346866e+02
1.087513e+02 1.442751e+02 1.442751e+02 1.087513e+02
1.700677e+02 1.442751e+02 1.442751e+02 1.700677e+02
1.631232e+02 1.442751e+02 1.442751e+02 1.631232e+02
1.440536e+02 1.442751e+02 1.442751e+02 1.440536e+02
1.597922e+02 1.442751e+02 1.442751e+02 1.597922e+02
2.579194e+02 1.442751e+02 1.442751e+02 2.579194e+02
1.602440e+02 1.442751e+02 1.442751e+02 1.602440e+02
1.098725e+02 1.442751e+02 1.442751e+02 1.098725e+02
1.854489e+02 1.442751e+02 1.442751e+02 1.854489e+02
1.283040e+02 1.442751e+02 1.442751e+02 1.283040e+02
