2.180213e+01 2.720051e+01 2.720051e+01 2.180213e+01
1.860557e+01 2.720051e+01 2.720051e+01 1.860557e+01
2.647973e+01 2.720051e+01 2.720051e+01 2.647973e+01
3.577146e-01 2.720051e+01 2.720051e+01 3.577146e-01
1.664084e+01 2.720051e+01 2.720051e+01 1.664084e+01
3.155585e+01 2.720051e+01 2.720051e+01 3.155585e+01
4.164168e+01 2.720051e+01 2.720051e+01 4.164168e+01
1.585158e+01 2.720051e+01 2.720051e+01 1.585158e+01
1.656469e+01 2.720051e+01 2.720051e+01 1.656469e+01
2.693158e+01 2.720051e+01 2.720051e+01 2.693158e+01
7.222221e+01 2.720051e+01 2.720051e+01 7.222221e+01
4.737818e+01 2.720051e+01 2.720051e+01 4.737818e+01
6.009239e+01 2.720051e+01 2.720051e+01 6.009239e+01
1.499169e+01 2.720051e+01 2.720051e+01 1.499169e+01
2.986885e+01 2.720051e+01 2.720051e+01 2.986885e+01
1.814857e+01 2.720051e+01 2.720051e+01 1.814857e+01
1.984857e+01 2.720051e+01 2.720051e+01 1.984857e+01
2.171440e+01 2.720051e+01 2.720051e+01 2.171440e+01
-1.546886e+01 2.720051e+01 2.720051e+01 -1.546886e+01
4.069690e+01 2.720051e+01 2.720051e+01 4.069690e+01
3.399125e+01 2.720051e+01 2.720051e+01 3.399125e+01
-3.251883e+00 2.720051e+01 2.720051e+01 -3.251883e+00
3.489081e+01 2.720051e+01 2.720051e+01 3.489081e+01
