9.815330e+00 1.316571e+01 1.316571e+01 9.815330e+00
9.322280e+00 1.316571e+01 1.316571e+01 9.322280e+00
3.230721e+00 1.316571e+01 1.316571e+01 3.230721e+00
-5.122668e+00 1.316571e+01 1.316571e+01 -5.122668e+00
3.342801e-01 1.316571e+01 1.316571e+01 3.342801e-01
1.954041e+01 1.316571e+01 1.316571e+01 1.954041e+01
2.012241e+01 1.316571e+01 1.316571e+01 2.012241e+01
1.158890e+01 1.316571e+01 1.316571e+01 1.158890e+01
1.926031e+01 1.316571e+01 1.316571e+01 1.926031e+01
9.686904e+00 1.316571e+01 1.316571e+01 9.686904e+00
1.534888e+01 1.316571e+01 1.316571e+01 1.534888e+01
1.900984e+01 1.316571e+01 1.316571e+01 1.900984e+01
4.525003e+01 1.316571e+01 1.316571e+01 4.525003e+01
4.212652e+01 1.316571e+01 1.316571e+01 4.212652e+01
3.865168e+00 1.316571e+01 1.316571e+01 3.865168e+00
1.480047e+01 1.316571e+01 1.316571e+01 1.480047e+01
1.815297e+01 1.316571e+01 1.316571e+01 1.815297e+01
1.343989e+01 1.316571e+01 1.316571e+01 1.343989e+01
-4.559430e+00 1.316571e+01 1.316571e+01 -4.559430e+00
2.351202e+01 1.316571e+01 1.316571e+01 2.351202e+01
1.658940e+01 1.316571e+01 1.316571e+01 1.658940e+01
1.195323e+01 1.316571e+01 1.316571e+01 1.195323e+01
1.537045e+01 1.316571e+01 1.316571e+01 1.537045e+01
