1.371919e+01 2.203294e+01 2.203294e+01 1.371919e+01
2.794954e+00 2.203294e+01 2.203294e+01 2.794954e+00
7.008337e+01 2.203294e+01 2.203294e+01 7.008337e+01
7.334045e+01 2.203294e+01 2.203294e+01 7.334045e+01
4.366476e+01 2.203294e+01 2.203294e+01 4.366476e+01
1.652549e+01 2.203294e+01 2.203294e+01 1.652549e+01
2.122074e+01 2.203294e+01 2.203294e+01 2.122074e+01
1.548559e+01 2.203294e+01 2.203294e+01 1.548559e+01
1.125138e+01 2.203294e+01 2.203294e+01 1.125138e+01
1.163500e+01 2.203294e+01 2.203294e+01 1.163500e+01
3.249651e+01 2.203294e+01 2.203294e+01 3.249651e+01
4.345340e+01 2.203294e+01 2.203294e+01 4.345340e+01
8.595453e+00 2.203294e+01 2.203294e+01 8.595453e+00
4.182967e+01 2.203294e+01 2.203294e+01 4.182967e+01
-1.249738e+01 2.203294e+01 2.203294e+01 -1.249738e+01
7.702409e+01 2.203294e+01 2.203294e+01 7.702409e+01
1.559752e+01 2.203294e+01 2.203294e+01 1.559752e+01
5.801361e+00 2.203294e+01 2.203294e+01 5.801361e+00
2.930540e+01 2.203294e+01 2.203294e+01 2.930540e+01
1.390123e+01 2.203294e+01 2.203294e+01 1.390123e+01
1.605594e+01 2.203294e+01 2.203294e+01 1.605594e+01
4.198952e+01 2.203294e+01 2.203294e+01 4.198952e+01
5.015826e+01 2.203294e+01 2.203294e+01 5.015826e+01
