4.189351e+00 1.078945e+01 1.078945e+01 4.189351e+00
1.537049e+01 1.078945e+01 1.078945e+01 1.537049e+01
2.818682e+01 1.078945e+01 1.078945e+01 2.818682e+01
3.235224e+01 1.078945e+01 1.078945e+01 3.235224e+01
1.272697e+01 1.078945e+01 1.078945e+01 1.272697e+01
2.022480e+01 1.078945e+01 1.078945e+01 2.022480e+01
-7.117476e+00 1.078945e+01 1.078945e+01 -7.117476e+00
8.920644e+00 1.078945e+01 1.078945e+01 8.920644e+00
1.770959e+01 1.078945e+01 1.078945e+01 1.770959e+01
4.553632e+00 1.078945e+01 1.078945e+01 4.553632e+00
2.100750e+00 1.078945e+01 1.078945e+01 2.100750e+00
1.354958e+01 1.078945e+01 1.078945e+01 1.354958e+01
1.294531e+00 1.078945e+01 1.078945e+01 1.294531e+00
2.402705e+01 1.078945e+01 1.078945e+01 2.402705e+01
-4.464019e+00 1.078945e+01 1.078945e+01 -4.464019e+00
1.163216e+01 1.078945e+01 1.078945e+01 1.163216e+01
1.521635e+01 1.078945e+01 1.078945e+01 1.521635e+01
-4.725477e+00 1.078945e+01 1.078945e+01 -4.725477e+00
6.444526e+00 1.078945e+01 1.078945e+01 6.444526e+00
9.561080e+00 1.078945e+01 1.078945e+01 9.561080e+00
2.754181e+01 1.078945e+01 1.078945e+01 2.754181e+01
2.454404e+01 1.078945e+01 1.078945e+01 2.454404e+01
3.781212e+01 1.078945e+01 1.078945e+01 3.781212e+01
