-1.543537e+00 1.034684e+01 1.034684e+01 -1.543537e+00
-1.808310e+01 1.034684e+01 1.034684e+01 -1.808310e+01
1.269505e+01 1.034684e+01 1.034684e+01 1.269505e+01
2.695981e+01 1.034684e+01 1.034684e+01 2.695981e+01
2.597711e+01 1.034684e+01 1.034684e+01 2.597711e+01
9.241747e+00 1.034684e+01 1.034684e+01 9.241747e+00
2.038571e+01 1.034684e+01 1.034684e+01 2.038571e+01
2.317222e+01 1.034684e+01 1.034684e+01 2.317222e+01
2.758543e+01 1.034684e+01 1.034684e+01 2.758543e+01
6.064159e+00 1.034684e+01 1.034684e+01 6.064159e+00
4.736567e+00 1.034684e+01 1.034684e+01 4.736567e+00
2.221849e+01 1.034684e+01 1.034684e+01 2.221849e+01
1.158478e+01 1.034684e+01 1.034684e+01 1.158478e+01
2.246289e+01 1.034684e+01 1.034684e+01 2.246289e+01
-7.808803e+00 1.034684e+01 1.034684e+01 -7.808803e+00
3.244313e+00 1.034684e+01 1.034684e+01 3.244313e+00
2.016586e+01 1.034684e+01 1.034684e+01 2.016586e+01
2.070299e+01 1.034684e+01 1.034684e+01 2.070299e+01
-3.458735e+01 1.034684e+01 1.034684e+01 -3.458735e+01
-3.385268e+00 1.034684e+01 1.034684e+01 -3.385268e+00
1.060765e+01 1.034684e+01 1.034684e+01 1.060765e+01
2.225459e+01 1.034684e+01 1.034684e+01 2.225459e+01
-2.658417e+00 1.034684e+01 1.034684e+01 -2.658417e+00
