4.602361e+00 2.260146e+01 2.260146e+01 4.602361e+00
-4.495911e+00 2.260146e+01 2.260146e+01 -4.495911e+00
6.082439e+00 2.260146e+01 2.260146e+01 6.082439e+00
2.434361e+01 2.260146e+01 2.260146e+01 2.434361e+01
5.528376e+01 2.260146e+01 2.260146e+01 5.528376e+01
1.202984e+01 2.260146e+01 2.260146e+01 1.202984e+01
4.038552e+01 2.260146e+01 2.260146e+01 4.038552e+01
2.564546e+01 2.260146e+01 2.260146e+01 2.564546e+01
4.158795e+01 2.260146e+01 2.260146e+01 4.158795e+01
2.488900e+01 2.260146e+01 2.260146e+01 2.488900e+01
4.630758e-01 2.260146e+01 2.260146e+01 4.630758e-01
4.459016e+01 2.260146e+01 2.260146e+01 4.459016e+01
1.597306e+01 2.260146e+01 2.260146e+01 1.597306e+01
2.619006e+01 2.260146e+01 2.260146e+01 2.619006e+01
2.599296e+01 2.260146e+01 2.260146e+01 2.599296e+01
6.180598e+00 2.260146e+01 2.260146e+01 6.180598e+00
2.668580e+01 2.260146e+01 2.260146e+01 2.668580e+01
8.067600e+01 2.260146e+01 2.260146e+01 8.067600e+01
8.203905e+00 2.260146e+01 2.260146e+01 8.203905e+00
4.249629e+00 2.260146e+01 2.260146e+01 4.249629e+00
2.627245e+01 2.260146e+01 2.260146e+01 2.627245e+01
3.601629e+01 2.260146e+01 2.260146e+01 3.601629e+01
-1.160486e+01 2.260146e+01 2.260146e+01 -1.160486e+01
