-1.978145e+01 2.102846e+01 2.102846e+01 -1.978145e+01
1.334662e+01 2.102846e+01 2.102846e+01 1.334662e+01
2.583099e+01 2.102846e+01 2.102846e+01 2.583099e+01
5.508073e+01 2.102846e+01 2.102846e+01 5.508073e+01
2.348915e+01 2.102846e+01 2.102846e+01 2.348915e+01
3.992862e+00 2.102846e+01 2.102846e+01 3.992862e+00
4.276377e+00 2.102846e+01 2.102846e+01 4.276377e+00
5.648654e+00 2.102846e+01 2.102846e+01 5.648654e+00
1.142632e+02 2.102846e+01 2.102846e+01 1.142632e+02
1.577485e+01 2.102846e+01 2.102846e+01 1.577485e+01
1.527701e+01 2.102846e+01 2.102846e+01 1.527701e+01
1.472775e+01 2.102846e+01 2.102846e+01 1.472775e+01
7.988554e+00 2.102846e+01 2.102846e+01 7.988554e+00
6.570107e+01 2.102846e+01 2.102846e+01 6.570107e+01
-7.123278e+00 2.102846e+01 2.102846e+01 -7.123278e+00
2.679148e+01 2.102846e+01 2.102846e+01 2.679148e+01
1.999795e+01 2.102846e+01 2.102846e+01 1.999795e+01
1.470694e+01 2.102846e+01 2.102846e+01 1.470694e+01
3.450642e+01 2.102846e+01 2.102846e+01 3.450642e+01
2.665839e+01 2.102846e+01 2.102846e+01 2.665839e+01
4.098619e+01 2.102846e+01 2.102846e+01 4.098619e+01
-3.738311e+01 2.102846e+01 2.102846e+01 -3.738311e+01
5.313518e+01 2.102846e+01 2.102846e+01 5.313518e+01
