-3.973608e+00 1.093815e+01 1.093815e+01 -3.973608e+00
5.247340e+00 1.093815e+01 1.093815e+01 5.247340e+00
2.158107e+01 1.093815e+01 1.093815e+01 2.158107e+01
2.355691e+01 1.093815e+01 1.093815e+01 2.355691e+01
1.743022e+01 1.093815e+01 1.093815e+01 1.743022e+01
1.162088e+01 1.093815e+01 1.093815e+01 1.162088e+01
-1.597026e+01 1.093815e+01 1.093815e+01 -1.597026e+01
1.108384e+01 1.093815e+01 1.093815e+01 1.108384e+01
4.102966e+01 1.093815e+01 1.093815e+01 4.102966e+01
8.334323e+00 1.093815e+01 1.093815e+01 8.334323e+00
8.571835e+00 1.093815e+01 1.093815e+01 8.571835e+00
5.911073e+00 1.093815e+01 1.093815e+01 5.911073e+00
7.246139e+00 1.093815e+01 1.093815e+01 7.246139e+00
5.647463e+01 1.093815e+01 1.093815e+01 5.647463e+01
3.729267e+00 1.093815e+01 1.093815e+01 3.729267e+00
7.514038e+00 1.093815e+01 1.093815e+01 7.514038e+00
1.633700e+01 1.093815e+01 1.093815e+01 1.633700e+01
1.027677e+01 1.093815e+01 1.093815e+01 1.027677e+01
-4.160041e+00 1.093815e+01 1.093815e+01 -4.160041e+00
1.177923e+01 1.093815e+01 1.093815e+01 1.177923e+01
1.864878e+01 1.093815e+01 1.093815e+01 1.864878e+01
-2.505147e+01 1.093815e+01 1.093815e+01 -2.505147e+01
3.448731e+01 1.093815e+01 1.093815e+01 3.448731e+01
