6.467645e+01 2.877373e+01 2.877373e+01 6.467645e+01
1.102156e+02 2.877373e+01 2.877373e+01 1.102156e+02
-6.589697e+01 2.877373e+01 2.877373e+01 -6.589697e+01
1.492689e+00 2.877373e+01 2.877373e+01 1.492689e+00
-7.235398e+00 2.877373e+01 2.877373e+01 -7.235398e+00
7.384644e+01 2.877373e+01 2.877373e+01 7.384644e+01
2.185021e+01 2.877373e+01 2.877373e+01 2.185021e+01
3.705743e+01 2.877373e+01 2.877373e+01 3.705743e+01
3.663956e+01 2.877373e+01 2.877373e+01 3.663956e+01
3.668923e+01 2.877373e+01 2.877373e+01 3.668923e+01
9.098228e+00 2.877373e+01 2.877373e+01 9.098228e+00
1.763385e+01 2.877373e+01 2.877373e+01 1.763385e+01
2.475999e+02 2.877373e+01 2.877373e+01 2.475999e+02
4.528739e+00 2.877373e+01 2.877373e+01 4.528739e+00
2.701625e+01 2.877373e+01 2.877373e+01 2.701625e+01
1.951214e+01 2.877373e+01 2.877373e+01 1.951214e+01
8.204278e+00 2.877373e+01 2.877373e+01 8.204278e+00
-2.246863e+00 2.877373e+01 2.877373e+01 -2.246863e+00
-4.257744e+01 2.877373e+01 2.877373e+01 -4.257744e+01
3.178889e+01 2.877373e+01 2.877373e+01 3.178889e+01
7.177087e+01 2.877373e+01 2.877373e+01 7.177087e+01
-1.544120e+01 2.877373e+01 2.877373e+01 -1.544120e+01
2.429588e+01 2.877373e+01 2.877373e+01 2.429588e+01
