2.429957e+01 1.458749e+01 1.458749e+01 2.429957e+01
3.158592e+01 1.458749e+01 1.458749e+01 3.158592e+01
-1.733589e+01 1.458749e+01 1.458749e+01 -1.733589e+01
-7.415518e+00 1.458749e+01 1.458749e+01 -7.415518e+00
2.518744e+00 1.458749e+01 1.458749e+01 2.518744e+00
4.164435e+01 1.458749e+01 1.458749e+01 4.164435e+01
1.915005e+01 1.458749e+01 1.458749e+01 1.915005e+01
2.213951e+01 1.458749e+01 1.458749e+01 2.213951e+01
1.752399e+01 1.458749e+01 1.458749e+01 1.752399e+01
1.476848e+01 1.458749e+01 1.458749e+01 1.476848e+01
1.221223e+01 1.458749e+01 1.458749e+01 1.221223e+01
9.066427e+00 1.458749e+01 1.458749e+01 9.066427e+00
4.706667e+01 1.458749e+01 1.458749e+01 4.706667e+01
2.349511e+01 1.458749e+01 1.458749e+01 2.349511e+01
1.397876e+01 1.458749e+01 1.458749e+01 1.397876e+01
5.906436e+00 1.458749e+01 1.458749e+01 5.906436e+00
1.529183e+01 1.458749e+01 1.458749e+01 1.529183e+01
8.771316e+00 1.458749e+01 1.458749e+01 8.771316e+00
5.863840e+00 1.458749e+01 1.458749e+01 5.863840e+00
2.165730e+01 1.458749e+01 1.458749e+01 2.165730e+01
2.422050e+01 1.458749e+01 1.458749e+01 2.422050e+01
1.454694e+01 1.458749e+01 1.458749e+01 1.454694e+01
1.932896e+01 1.458749e+01 1.458749e+01 1.932896e+01
