2.002086e+01 1.825723e+01 1.825723e+01 2.002086e+01
8.918335e+00 1.825723e+01 1.825723e+01 8.918335e+00
3.376792e+01 1.825723e+01 1.825723e+01 3.376792e+01
1.432651e+01 1.825723e+01 1.825723e+01 1.432651e+01
1.864043e+01 1.825723e+01 1.825723e+01 1.864043e+01
2.419496e+01 1.825723e+01 1.825723e+01 2.419496e+01
1.148579e+01 1.825723e+01 1.825723e+01 1.148579e+01
3.888250e+01 1.825723e+01 1.825723e+01 3.888250e+01
2.459216e+01 1.825723e+01 1.825723e+01 2.459216e+01
4.022049e+01 1.825723e+01 1.825723e+01 4.022049e+01
2.180183e+01 1.825723e+01 1.825723e+01 2.180183e+01
3.138071e+01 1.825723e+01 1.825723e+01 3.138071e+01
3.013630e+01 1.825723e+01 1.825723e+01 3.013630e+01
1.424737e+01 1.825723e+01 1.825723e+01 1.424737e+01
2.888624e+01 1.825723e+01 1.825723e+01 2.888624e+01
2.788803e+01 1.825723e+01 1.825723e+01 2.788803e+01
1.737027e+01 1.825723e+01 1.825723e+01 1.737027e+01
1.980205e+01 1.825723e+01 1.825723e+01 1.980205e+01
-1.358671e+02 1.825723e+01 1.825723e+01 -1.358671e+02
-1.252942e+01 1.825723e+01 1.825723e+01 -1.252942e+01
4.813686e+00 1.825723e+01 1.825723e+01 4.813686e+00
3.783709e+01 1.825723e+01 1.825723e+01 3.783709e+01
2.060068e+01 1.825723e+01 1.825723e+01 2.060068e+01
-2.155852e+01 1.825723e+01 1.825723e+01 -2.155852e+01
-1.950781e+00 1.825723e+01 1.825723e+01 -1.950781e+00
