1.361764e+02 1.848016e+02 1.848016e+02 1.361764e+02
1.747354e+02 1.848016e+02 1.848016e+02 1.747354e+02
9.838468e+01 1.848016e+02 1.848016e+02 9.838468e+01
2.673971e+02 1.848016e+02 1.848016e+02 2.673971e+02
1.882498e+02 1.848016e+02 1.848016e+02 1.882498e+02
2.367443e+02 1.848016e+02 1.848016e+02 2.367443e+02
2.755317e+02 1.848016e+02 1.848016e+02 2.755317e+02
1.805231e+02 1.848016e+02 1.848016e+02 1.805231e+02
2.606506e+02 1.848016e+02 1.848016e+02 2.606506e+02
3.129773e+02 1.848016e+02 1.848016e+02 3.129773e+02
3.422067e+02 1.848016e+02 1.848016e+02 3.422067e+02
2.519848e+02 1.848016e+02 1.848016e+02 2.519848e+02
1.269038e+02 1.848016e+02 1.848016e+02 1.269038e+02
1.714547e+02 1.848016e+02 1.848016e+02 1.714547e+02
1.421828e+02 1.848016e+02 1.848016e+02 1.421828e+02
2.375588e+02 1.848016e+02 1.848016e+02 2.375588e+02
1.738866e+02 1.848016e+02 1.848016e+02 1.738866e+02
1.794328e+02 1.848016e+02 1.848016e+02 1.794328e+02
9.491911e+01 1.848016e+02 1.848016e+02 9.491911e+01
4.373376e+02 1.848016e+02 1.848016e+02 4.373376e+02
1.761637e+02 1.848016e+02 1.848016e+02 1.761637e+02
1.562172e+02 1.848016e+02 1.848016e+02 1.562172e+02
2.124337e+02 1.848016e+02 1.848016e+02 2.124337e+02
