4.384367e+01 4.559634e+01 4.559634e+01 4.384367e+01
5.192754e+01 4.559634e+01 4.559634e+01 5.192754e+01
5.647229e+01 4.559634e+01 4.559634e+01 5.647229e+01
7.759099e+01 4.559634e+01 4.559634e+01 7.759099e+01
4.224101e+01 4.559634e+01 4.559634e+01 4.224101e+01
7.422357e+01 4.559634e+01 4.559634e+01 7.422357e+01
6.563780e+01 4.559634e+01 4.559634e+01 6.563780e+01
5.049880e+01 4.559634e+01 4.559634e+01 5.049880e+01
6.978390e+01 4.559634e+01 4.559634e+01 6.978390e+01
6.910550e+01 4.559634e+01 4.559634e+01 6.910550e+01
4.970792e+01 4.559634e+01 4.559634e+01 4.970792e+01
4.096080e+01 4.559634e+01 4.559634e+01 4.096080e+01
3.760225e+01 4.559634e+01 4.559634e+01 3.760225e+01
2.661575e+01 4.559634e+01 4.559634e+01 2.661575e+01
2.997616e+01 4.559634e+01 4.559634e+01 2.997616e+01
6.198569e+01 4.559634e+01 4.559634e+01 6.198569e+01
5.399067e+01 4.559634e+01 4.559634e+01 5.399067e+01
8.212051e+01 4.559634e+01 4.559634e+01 8.212051e+01
1.916343e+01 4.559634e+01 4.559634e+01 1.916343e+01
6.225211e+01 4.559634e+01 4.559634e+01 6.225211e+01
7.463883e+01 4.559634e+01 4.559634e+01 7.463883e+01
8.103709e+01 4.559634e+01 4.559634e+01 8.103709e+01
5.710710e+01 4.559634e+01 4.559634e+01 5.710710e+01
