4.516309e+01 4.369382e+01 4.369382e+01 4.516309e+01
7.615394e-01 4.369382e+01 4.369382e+01 7.615394e-01
3.975160e+01 4.369382e+01 4.369382e+01 3.975160e+01
6.474882e+01 4.369382e+01 4.369382e+01 6.474882e+01
3.348596e+01 4.369382e+01 4.369382e+01 3.348596e+01
6.572723e+01 4.369382e+01 4.369382e+01 6.572723e+01
3.786547e+01 4.369382e+01 4.369382e+01 3.786547e+01
4.093664e+01 4.369382e+01 4.369382e+01 4.093664e+01
5.540018e+01 4.369382e+01 4.369382e+01 5.540018e+01
2.788212e+01 4.369382e+01 4.369382e+01 2.788212e+01
6.128564e+01 4.369382e+01 4.369382e+01 6.128564e+01
5.028413e+01 4.369382e+01 4.369382e+01 5.028413e+01
5.698562e+01 4.369382e+01 4.369382e+01 5.698562e+01
2.851529e+01 4.369382e+01 4.369382e+01 2.851529e+01
5.170604e+01 4.369382e+01 4.369382e+01 5.170604e+01
6.516149e+01 4.369382e+01 4.369382e+01 6.516149e+01
4.157111e+01 4.369382e+01 4.369382e+01 4.157111e+01
2.389425e+01 4.369382e+01 4.369382e+01 2.389425e+01
6.648755e+01 4.369382e+01 4.369382e+01 6.648755e+01
4.069383e+01 4.369382e+01 4.369382e+01 4.069383e+01
3.820480e+01 4.369382e+01 4.369382e+01 3.820480e+01
3.092140e+01 4.369382e+01 4.369382e+01 3.092140e+01
5.711251e+01 4.369382e+01 4.369382e+01 5.711251e+01
4.441220e+01 4.369382e+01 4.369382e+01 4.441220e+01
3.702164e+01 4.369382e+01 4.369382e+01 3.702164e+01
