7.567571e+01 1.210966e+02 1.210966e+02 7.567571e+01
6.548912e+01 1.210966e+02 1.210966e+02 6.548912e+01
1.473828e+02 1.210966e+02 1.210966e+02 1.473828e+02
1.246940e+02 1.210966e+02 1.210966e+02 1.246940e+02
6.926665e+01 1.210966e+02 1.210966e+02 6.926665e+01
1.262416e+02 1.210966e+02 1.210966e+02 1.262416e+02
1.300990e+02 1.210966e+02 1.210966e+02 1.300990e+02
1.365741e+02 1.210966e+02 1.210966e+02 1.365741e+02
1.606828e+02 1.210966e+02 1.210966e+02 1.606828e+02
1.288149e+02 1.210966e+02 1.210966e+02 1.288149e+02
1.666954e+02 1.210966e+02 1.210966e+02 1.666954e+02
9.809295e+01 1.210966e+02 1.210966e+02 9.809295e+01
1.683669e+02 1.210966e+02 1.210966e+02 1.683669e+02
5.067427e+01 1.210966e+02 1.210966e+02 5.067427e+01
1.089591e+02 1.210966e+02 1.210966e+02 1.089591e+02
1.182361e+02 1.210966e+02 1.210966e+02 1.182361e+02
1.230933e+02 1.210966e+02 1.210966e+02 1.230933e+02
1.278149e+02 1.210966e+02 1.210966e+02 1.278149e+02
1.396257e+02 1.210966e+02 1.210966e+02 1.396257e+02
1.149981e+02 1.210966e+02 1.210966e+02 1.149981e+02
2.233318e+02 1.210966e+02 1.210966e+02 2.233318e+02
1.082339e+02 1.210966e+02 1.210966e+02 1.082339e+02
1.001411e+02 1.210966e+02 1.210966e+02 1.001411e+02
1.218555e+02 1.210966e+02 1.210966e+02 1.218555e+02
1.278804e+02 1.210966e+02 1.210966e+02 1.278804e+02
