2.451686e+01 3.713539e+01 3.713539e+01 2.451686e+01
3.865424e+01 3.713539e+01 3.713539e+01 3.865424e+01
6.805778e+01 3.713539e+01 3.713539e+01 6.805778e+01
7.540880e+01 3.713539e+01 3.713539e+01 7.540880e+01
5.262217e+01 3.713539e+01 3.713539e+01 5.262217e+01
4.569901e+01 3.713539e+01 3.713539e+01 4.569901e+01
1.254504e+01 3.713539e+01 3.713539e+01 1.254504e+01
5.962722e+00 3.713539e+01 3.713539e+01 5.962722e+00
4.620661e+01 3.713539e+01 3.713539e+01 4.620661e+01
3.397509e+01 3.713539e+01 3.713539e+01 3.397509e+01
2.850201e+01 3.713539e+01 3.713539e+01 2.850201e+01
3.335145e+01 3.713539e+01 3.713539e+01 3.335145e+01
5.142754e+01 3.713539e+01 3.713539e+01 5.142754e+01
5.946869e+01 3.713539e+01 3.713539e+01 5.946869e+01
1.879417e+01 3.713539e+01 3.713539e+01 1.879417e+01
1.697418e+01 3.713539e+01 3.713539e+01 1.697418e+01
2.565725e+01 3.713539e+01 3.713539e+01 2.565725e+01
1.433757e+01 3.713539e+01 3.713539e+01 1.433757e+01
5.474017e+01 3.713539e+01 3.713539e+01 5.474017e+01
4.539307e+01 3.713539e+01 3.713539e+01 4.539307e+01
4.132164e+01 3.713539e+01 3.713539e+01 4.132164e+01
2.923516e+01 3.713539e+01 3.713539e+01 2.923516e+01
5.775035e+01 3.713539e+01 3.713539e+01 5.775035e+01
