8.900208e+01 9.837704e+01 9.837704e+01 8.900208e+01
1.143639e+02 9.837704e+01 9.837704e+01 1.143639e+02
9.963877e+01 9.837704e+01 9.837704e+01 9.963877e+01
1.102509e+02 9.837704e+01 9.837704e+01 1.102509e+02
1.451756e+02 9.837704e+01 9.837704e+01 1.451756e+02
8.393358e+01 9.837704e+01 9.837704e+01 8.393358e+01
7.702990e+01 9.837704e+01 9.837704e+01 7.702990e+01
5.682439e+01 9.837704e+01 9.837704e+01 5.682439e+01
6.885426e+01 9.837704e+01 9.837704e+01 6.885426e+01
1.129603e+02 9.837704e+01 9.837704e+01 1.129603e+02
9.386787e+01 9.837704e+01 9.837704e+01 9.386787e+01
1.104809e+02 9.837704e+01 9.837704e+01 1.104809e+02
1.245585e+02 9.837704e+01 9.837704e+01 1.245585e+02
1.347212e+02 9.837704e+01 9.837704e+01 1.347212e+02
5.507150e+01 9.837704e+01 9.837704e+01 5.507150e+01
7.365283e+01 9.837704e+01 9.837704e+01 7.365283e+01
1.435113e+02 9.837704e+01 9.837704e+01 1.435113e+02
6.843489e+01 9.837704e+01 9.837704e+01 6.843489e+01
1.537797e+02 9.837704e+01 9.837704e+01 1.537797e+02
2.140894e+01 9.837704e+01 9.837704e+01 2.140894e+01
7.448159e+01 9.837704e+01 9.837704e+01 7.448159e+01
8.034233e+01 9.837704e+01 9.837704e+01 8.034233e+01
1.962354e+02 9.837704e+01 9.837704e+01 1.962354e+02
