4.044938e+01 4.039299e+01 4.039299e+01 4.044938e+01
4.085469e+01 4.039299e+01 4.039299e+01 4.085469e+01
3.404839e+01 4.039299e+01 4.039299e+01 3.404839e+01
7.788303e+01 4.039299e+01 4.039299e+01 7.788303e+01
2.965926e+01 4.039299e+01 4.039299e+01 2.965926e+01
4.846999e+01 4.039299e+01 4.039299e+01 4.846999e+01
6.921358e+01 4.039299e+01 4.039299e+01 6.921358e+01
3.577353e+01 4.039299e+01 4.039299e+01 3.577353e+01
6.032142e+01 4.039299e+01 4.039299e+01 6.032142e+01
5.969332e+01 4.039299e+01 4.039299e+01 5.969332e+01
3.886600e+01 4.039299e+01 4.039299e+01 3.886600e+01
3.898725e+01 4.039299e+01 4.039299e+01 3.898725e+01
3.880488e+01 4.039299e+01 4.039299e+01 3.880488e+01
3.817453e+01 4.039299e+01 4.039299e+01 3.817453e+01
4.596033e+01 4.039299e+01 4.039299e+01 4.596033e+01
6.521747e+01 4.039299e+01 4.039299e+01 6.521747e+01
4.531064e+01 4.039299e+01 4.039299e+01 4.531064e+01
6.329546e+01 4.039299e+01 4.039299e+01 6.329546e+01
4.312925e+01 4.039299e+01 4.039299e+01 4.312925e+01
6.970734e+01 4.039299e+01 4.039299e+01 6.970734e+01
6.626668e+01 4.039299e+01 4.039299e+01 6.626668e+01
6.957221e+01 4.039299e+01 4.039299e+01 6.957221e+01
5.512501e+01 4.039299e+01 4.039299e+01 5.512501e+01
