1.084234e+02 1.562557e+02 1.562557e+02 1.084234e+02
1.578094e+02 1.562557e+02 1.562557e+02 1.578094e+02
9.650241e+01 1.562557e+02 1.562557e+02 9.650241e+01
1.565926e+02 1.562557e+02 1.562557e+02 1.565926e+02
2.115881e+02 1.562557e+02 1.562557e+02 2.115881e+02
1.656879e+02 1.562557e+02 1.562557e+02 1.656879e+02
2.522392e+02 1.562557e+02 1.562557e+02 2.522392e+02
6.472359e+01 1.562557e+02 1.562557e+02 6.472359e+01
2.627069e+02 1.562557e+02 1.562557e+02 2.627069e+02
1.759033e+02 1.562557e+02 1.562557e+02 1.759033e+02
1.655766e+02 1.562557e+02 1.562557e+02 1.655766e+02
1.323665e+02 1.562557e+02 1.562557e+02 1.323665e+02
1.966631e+02 1.562557e+02 1.562557e+02 1.966631e+02
1.857479e+02 1.562557e+02 1.562557e+02 1.857479e+02
1.465688e+02 1.562557e+02 1.562557e+02 1.465688e+02
2.739932e+02 1.562557e+02 1.562557e+02 2.739932e+02
1.322630e+02 1.562557e+02 1.562557e+02 1.322630e+02
1.296449e+02 1.562557e+02 1.562557e+02 1.296449e+02
1.013145e+02 1.562557e+02 1.562557e+02 1.013145e+02
4.080360e+02 1.562557e+02 1.562557e+02 4.080360e+02
1.310925e+02 1.562557e+02 1.562557e+02 1.310925e+02
1.218882e+02 1.562557e+02 1.562557e+02 1.218882e+02
1.566825e+02 1.562557e+02 1.562557e+02 1.566825e+02
